<!DOCTYPE html>
<html>
  <head>
    <meta http-equiv="Content-Type" content="text/html;charset=utf-8" >
    <title>Rotating Cube</title>


    <script id="vertex-shader" type="x-shader/x-vertex">
      attribute vec4 vPosition;
      attribute vec4 vColor;
      varying vec4 color;

      void main()
      {
        // Define rotation matrices for X, Y and Z axis for 60 degree
        mat4 rx = mat4(1.0, 0.0, 0.0, 0.0,
                       0.0, 0.5, 0.8660254, 0.0,
                       0.0, -0.8660254, 0.5, 0.0,
                       0.0, 0.0, 0.0, 1.0);
        
        mat4 ry = mat4(0.5, 0.0, -0.8660254, 0.0,
                       0.0, 1.0, 0.0, 0.0,
                       0.8660254, 0.0, 0.5, 0.0,
                       0.0, 0.0, 0.0, 1.0);
        
        mat4 rz = mat4(0.5, 0.8660254, 0.0, 0.0,
                       -0.8660254, 0.5, 0.0, 0.0,
                       0.0, 0.0, 1.0, 0.0,
                       0.0, 0.0, 0.0, 1.0);
        

        color = vColor;
        //gl_Position = rx * ry * rz * vPosition; // Test case 1
        gl_Position = rz * vPosition;  // Z-axis twist for test case 2
      }
    </script>

    <script id="fragment-shader" type="x-shader/x-fragment">
      precision mediump float;
   
      varying vec4 color;

      void main()
      {
        gl_FragColor = color;
      }
    </script>

    <script type="text/javascript" src="webgl-utils.js"></script>
    <script type="text/javascript" src="initShader.js"></script>
    <script type="text/javascript" src="mv.js"></script>
    <script type="text/javascript" src="clfCube.js"></script>
  </head>   

  <body>
    <canvas id="gl-canvas" width="512" height="512">
    Oops ... your browser doesn't support the HTML5 canvas element
    </canvas>
  </body>
</html>